115712246261205454675062722324
331767511315134575413551514163
362412470402206057565722077336
376564555777610367336127764171
272675705632442424412442043664
021177333064250231001205134336
064275661720013610310711431677
533507634622756477223667731330
675256031102236541265131507236
001527335574146174704765106777
317217354624423047361233022742
743201246162673055621040314033
633525305142663557076571063235
447167762533563742656004045106
331126332442745541116004350310
656740355563151064311632402247
303121312464546421026730722566
005261123116541521566421001431
663563456216376654037363372655
110623757714112000417377274316
145035267361353040001672275356
325101047646547520365310171761
532126247515133454462007546101
251402613271076335216643501627
444635423354333217001766767003
230206337045517566232162223302
230444013607700117770277271700
230151261471665147231737742752
630725650450031765132423303560
041557625336102226314455524560
014725717753726165105454467073
617460127510663530770704002773
027202361073616523114375510252
202102175525135332143064400357
051760265010535277726343453467
663575356077055357446257266042
571215577205333241054475536402
715460226143062177252571023461
061212140452772066323402667625
553141107016130436606345350000
511672777341444511433005041451
242423201663732417732602441373
224711504574430024636027370553
235445321545676524670277760255
322431426320751141503547734532
424160135162006177416273265245
330577752765014036547551204571
574041220273777104375501366567
604353734121436404750111534416
615534616624114475127350113050