322365122231762344556302554267
774532312456763141204635437172
413524217423565166504111150430
026126074427116226035564112676
307145315065053166140465145313
237603644532351561043716420420
663107572326512770006625310332
506761321235473347623601210104
720372450224354445407336370225
624477110336307171006712276552
541032301003217445616466607377
753701343703324144760665722507
476172471223104433143741713233
725374101063350747705656503170
244213504466574766704705715646
126073771423501106561750200136
212777237406306022522467516751
775354523016715675332710714205
275064651361632715026705633254
462510600500340332606351056425
703705161427744536211206533145
653060412645615006021666531075
025733476430042075222573325151
466472550033464256273715457473
431666033447756030442732453720
136354733050425123144241163073
775325461561530103720024362777
334453402747206237315276672667
456670644621547634303400333625
276030115011034027470435022121
366072052023075274633153326313
061247223655077357760530722665
166046755077264260757051622051
262234166560063571533154427672
167401547755645144167414143356
674400357752127042224763730202
262746326227476313407604133224
506101543745771307427277601046
546275516552171444205077167102
731454620440156705330577526750
003642167173162311211271744612
435177572665032306561776531313
267267413761775040024175763167
510035712476144516674447333016
665572416637433063251406166700
631323143405705253016747700121
702266710774343300711221047044
761031053461071712636534333701
665157635417076757151042754426
222145304600555644070507061145
